10000
46 48
20 2
7 15
25 48
15 40
25 27
35 48
10 7
39 49
48 15
40 42
14 3
34 22
41 6
43 36
5 19
23 32
2 40
33 32
25 36
27 17
21 0
29 31
6 41
42 25
6 0
7 28
26 12
37 44
39 44
33 21
9 1
33 14
21 44
43 41
11 13
5 22
8 8
19 32
36 32
33 33
0 2
14 20
42 28
11 13
31 20
9 36
25 49
40 28
47 14
40 40
49 41
19 49
35 37
46 44
4 26
37 13
41 31
1 18
25 30
0 3
47 10
43 46
45 28
4 28
10 20
24 34
49 11
38 22
28 28
5 41
25 28
2 21
6 48
20 35
20 32
8 46
31 28
4 48
25 45
2 0
27 23
29 39
2 7
44 32
13 10
16 32
17 29
17 39
46 22
4 38
17 22
5 18
29 25
23 47
33 12
7 48
8 34
44 34
4 47
2 41
24 25
12 15
36 43
6 1
44 21
13 28
27 7
43 41
2 6
18 20
7 21
44 48
10 38
29 5
29 24
16 11
5 24
42 45
25 2
26 18
14 5
1 8
35 39
45 41
3 41
22 10
35 10
27 15
6 7
6 5
9 41
12 24
2 3
40 48
28 13
11 19
5 0
19 24
49 8
43 36
4 24
24 48
6 34
48 10
13 39
3 41
7 30
45 13
48 29
31 49
46 0
49 2
46 6
20 18
20 35
1 13
31 21
2 19
38 44
13 45
19 21
15 28
5 43
34 38
34 35
24 43
11 8
47 24
48 23
21 37
24 25
44 47
1 22
31 15
5 44
19 21
5 30
25 22
32 33
34 11
36 21
3 33
13 45
15 27
38 34
2 3
14 40
43 20
10 47
24 45
9 22
26 40
27 45
36 35
35 16
18 32
16 22
15 20
40 45
1 41
15 10
10 4
19 30
30 49
37 25
1 17
48 20
40 20
3 10
14 2
29 6
49 19
25 16
41 31
17 41
1 33
27 25
22 25
38 10
24 43
31 48
47 40
31 1
24 8
39 3
6 38
19 40
38 43
43 25
21 41
6 7
6 25
19 43
36 20
47 20
14 10
24 11
33 30
34 22
16 32
16 3
39 20
31 31
47 12
21 36
10 47
10 48
22 44
8 18
35 12
27 34
13 41
41 41
39 0
41 13
40 3
36 18
22 33
8 11
12 15
42 12
49 2
47 33
43 26
28 8
34 40
12 22
37 46
0 28
44 12
6 38
14 11
45 9
23 45
40 28
14 3
4 4
45 1
13 34
44 21
1 9
28 23
26 46
20 13
37 21
49 33
37 26
5 16
40 15
32 48
49 21
28 40
18 6
31 23
13 13
11 15
24 48
5 39
11 39
36 29
26 32
35 39
28 34
28 38
12 0
23 47
35 20
20 37
14 4
41 34
47 20
1 0
39 3
33 12
47 10
39 16
3 34
44 43
42 34
36 37
31 29
40 36
3 37
5 5
22 47
43 21
5 2
2 14
21 31
17 47
3 10
14 27
35 14
0 42
41 20
33 43
45 8
18 24
21 29
38 46
25 8
10 22
19 44
49 31
29 5
49 11
41 14
6 8
16 3
3 27
43 42
41 27
2 40
18 31
44 47
20 6
10 30
39 20
11 40
1 6
47 35
7 25
31 32
35 27
45 32
6 9
6 23
44 27
15 48
6 48
9 27
15 19
13 5
3 17
25 8
39 41
42 38
49 24
39 24
17 24
19 7
31 28
16 36
23 4
43 4
1 31
39 29
47 15
43 39
12 2
31 40
39 41
34 32
10 22
21 9
12 1
27 2
42 48
8 27
33 8
0 10
11 11
29 4
20 23
17 49
45 30
16 47
5 48
5 49
11 39
36 5
12 5
0 37
32 16
0 38
23 31
32 17
21 26
37 4
35 22
24 3
1 46
18 32
6 10
22 3
37 42
20 34
32 6
10 9
10 24
4 28
11 18
10 28
18 48
38 46
48 4
23 26
22 36
21 3
16 42
30 30
2 42
17 47
18 1
38 12
41 14
46 4
47 43
28 17
7 46
20 40
47 30
11 15
19 48
48 28
33 42
31 48
25 12
35 19
26 22
15 21
2 31
10 41
33 25
10 43
1 11
25 20
25 41
42 16
43 5
34 26
28 31
18 24
41 0
8 12
5 17
9 47
27 49
11 4
23 1
42 18
16 22
4 33
0 19
37 4
41 38
27 44
37 42
42 19
40 25
30 4
5 39
29 24
25 13
25 30
40 9
31 36
30 18
17 30
48 9
29 31
13 14
22 18
18 1
10 28
3 9
32 43
3 2
9 0
47 5
40 47
15 33
17 49
8 9
33 25
29 19
5 28
7 22
31 34
21 8
33 13
5 42
0 10
15 3
22 18
49 18
38 48
49 1
7 36
27 45
27 38
24 6
42 18
8 6
34 13
10 23
22 26
7 45
38 24
33 5
28 11
27 2
33 29
46 35
8 2
34 23
44 24
12 36
22 37
28 24
4 41
48 12
39 24
35 2
46 21
47 34
47 17
46 28
34 40
14 39
21 6
42 8
39 29
16 8
16 13
25 35
29 36
38 47
29 17
41 41
20 17
9 47
5 25
36 19
39 39
41 27
48 1
3 37
42 32
44 22
19 21
25 9
8 3
20 28
23 20
25 47
11 15
8 5
23 28
27 0
20 45
44 25
18 31
38 26
10 15
20 10
18 16
37 39
18 21
38 39
12 28
38 13
37 7
39 12
23 14
49 4
15 31
32 23
1 29
38 36
35 4
46 12
18 8
8 49
42 30
8 38
49 7
14 18
38 19
18 26
20 21
0 18
6 39
42 21
9 3
1 25
49 26
33 2
37 22
17 20
5 40
40 38
18 0
13 9
48 49
39 29
39 14
44 19
41 6
12 21
41 12
16 2
38 44
16 18
18 38
26 12
41 40
27 46
30 39
8 46
33 13
4 1
13 34
31 5
9 6
44 22
34 1
32 33
42 32
48 44
7 23
10 38
13 42
42 26
38 43
20 10
3 1
19 35
8 25
27 18
0 7
22 44
46 28
7 39
26 32
9 47
46 32
40 11
47 4
36 47
31 8
8 19
49 19
11 34
37 24
38 7
14 8
27 16
24 14
44 7
40 23
11 9
35 17
44 12
5 9
11 9
42 44
10 6
7 38
36 2
33 27
32 32
17 21
37 48
1 19
28 24
24 9
14 13
12 47
37 12
39 8
31 18
40 29
15 12
13 23
35 18
23 34
3 23
41 35
36 3
42 3
33 41
28 42
30 39
42 28
16 44
22 23
4 11
29 40
16 28
42 11
32 9
18 1
45 11
19 8
13 5
6 14
20 15
30 23
4 43
35 2
26 21
34 26
27 16
42 47
31 20
45 33
3 11
35 33
14 18
33 34
12 16
20 42
34 43
37 41
11 14
16 40
37 42
39 0
27 30
36 8
43 37
6 38
16 49
43 23
30 35
43 30
13 26
6 23
17 26
21 38
49 2
26 39
43 4
37 6
19 47
20 1
33 12
12 40
27 45
8 2
46 31
13 1
36 19
29 6
30 47
22 2
40 26
27 0
38 22
20 23
27 7
13 9
12 36
43 36
47 25
35 9
4 33
29 41
16 13
38 42
44 16
20 4
30 21
38 47
49 49
26 20
49 34
5 19
8 37
11 42
19 41
25 44
22 5
31 32
44 6
40 30
31 16
9 4
43 31
12 20
38 6
7 48
47 6
11 2
37 35
23 44
17 25
26 30
13 21
0 1
27 16
18 8
28 29
11 42
36 10
22 8
27 20
8 21
33 5
42 36
46 17
9 27
7 31
41 3
26 26
44 32
37 15
16 40
6 40
49 19
3 38
9 10
37 49
45 31
28 11
33 19
39 38
0 17
15 11
49 34
32 45
23 48
12 9
23 30
7 9
31 42
46 7
2 1
49 38
46 16
7 1
25 26
6 13
41 35
31 49
13 46
29 27
8 45
30 12
46 19
36 11
47 19
30 43
12 49
36 6
46 42
36 25
40 0
3 35
49 35
0 7
12 41
30 37
20 17
20 18
6 38
18 18
22 20
3 6
15 6
47 8
39 5
31 24
43 44
31 46
39 3
49 35
7 10
38 47
15 43
29 26
20 22
20 37
23 32
11 0
42 45
30 34
46 23
2 2
28 40
13 14
17 20
20 5
31 41
41 45
8 2
12 30
36 22
35 32
44 39
25 41
46 10
9 30
18 27
49 25
21 30
26 42
40 3
30 45
12 46
46 20
7 26
1 3
33 18
13 4
24 30
9 14
22 34
41 1
29 27
15 14
14 5
28 17
26 14
20 47
23 3
46 3
28 5
40 31
12 48
32 24
41 46
47 40
1 10
19 1
47 21
36 39
6 30
26 26
45 29
49 33
11 10
0 49
8 36
41 27
30 18
47 7
21 8
28 47
15 16
30 44
25 44
34 1
39 3
9 41
3 29
35 44
11 1
24 44
13 49
10 5
12 43
41 38
39 15
16 30
21 7
37 49
3 49
22 33
33 18
27 49
11 32
16 34
24 25
30 27
46 34
6 43
49 10
39 36
31 46
45 32
38 21
20 9
5 30
16 33
20 16
5 15
3 47
22 30
44 9
17 43
42 26
46 45
31 30
38 48
44 14
46 11
21 35
4 8
3 31
10 13
26 6
26 36
22 0
24 16
2 33
36 37
13 36
11 44
23 3
0 44
47 24
45 12
19 26
25 39
43 46
49 19
38 10
6 18
15 37
32 19
35 41
40 45
31 32
5 13
16 27
43 6
44 7
46 45
34 18
2 26
3 46
33 9
0 25
4 12
9 25
20 5
48 5
0 33
17 18
36 39
15 29
16 39
29 39
34 16
25 1
40 22
48 12
0 43
13 36
13 0
21 45
9 18
44 23
28 4
15 23
28 45
21 18
11 35
47 17
7 3
29 44
35 24
0 36
45 11
28 13
12 15
7 37
21 44
37 1
49 33
13 27
42 49
36 27
22 44
14 9
43 34
13 38
7 31
49 26
26 7
4 10
11 0
10 29
42 23
46 16
32 15
9 44
37 25
17 24
15 33
14 47
36 25
24 29
10 23
3 37
3 11
28 36
41 44
34 10
7 47
10 11
31 21
31 8
18 1
3 11
17 8
35 22
15 14
22 32
34 29
0 44
5 38
28 42
7 10
17 14
40 2
44 48
23 40
29 3
1 18
29 45
15 8
7 1
32 45
24 21
1 22
25 9
32 23
45 28
31 2
31 20
21 42
15 43
13 13
34 44
8 11
36 31
12 36
46 40
43 10
1 31
17 31
40 22
4 4
29 47
40 15
25 22
9 9
1 24
25 14
6 16
13 14
11 9
6 49
49 5
47 29
22 49
46 8
15 39
30 10
12 6
20 17
19 20
32 40
29 39
30 23
19 4
35 36
44 15
16 32
26 45
24 8
28 43
48 1
22 11
4 5
10 47
44 23
15 35
46 6
39 28
41 39
45 23
26 45
8 48
29 38
5 38
26 16
6 32
37 13
25 43
12 8
25 26
29 8
9 31
5 7
31 26
2 26
42 9
10 47
42 5
13 2
24 17
24 43
4 16
13 15
48 41
38 49
46 42
16 43
43 9
48 38
39 11
4 23
21 0
8 1
26 9
29 47
19 32
0 38
31 21
48 40
24 1
39 47
5 26
22 36
36 32
49 8
39 16
20 30
14 13
22 1
7 32
20 22
31 39
4 11
8 10
13 7
27 34
25 30
26 8
19 34
20 8
30 39
20 20
41 42
45 40
4 18
45 0
46 20
4 27
1 37
6 32
46 44
37 32
36 42
13 3
34 42
41 39
6 8
10 45
25 21
36 29
32 30
38 12
42 14
22 16
21 48
18 6
7 49
36 11
7 25
49 37
29 1
19 45
7 29
6 0
42 16
1 9
19 15
17 49
43 9
19 45
28 1
40 48
47 35
34 0
0 37
38 30
47 20
36 11
19 30
5 21
26 22
14 42
32 5
21 7
2 38
29 46
16 25
27 10
41 7
40 26
41 44
41 4
47 30
20 42
37 45
39 9
44 32
30 42
46 22
16 8
35 9
36 25
36 24
2 39
43 48
44 17
31 24
21 27
43 37
3 48
15 38
17 7
8 33
39 19
11 34
10 44
24 47
17 16
42 0
48 26
10 18
44 9
22 11
17 29
36 7
40 37
23 15
21 40
38 44
37 15
33 33
11 37
35 36
20 19
30 49
46 40
43 0
16 25
26 11
40 24
7 26
43 39
24 24
1 39
9 44
11 34
42 12
34 47
35 7
39 6
39 37
9 43
39 10
34 18
44 27
36 34
49 20
20 35
44 7
40 16
16 42
10 33
27 1
26 37
44 34
46 45
31 2
41 39
23 46
11 20
38 25
42 19
2 32
42 24
45 12
37 31
22 43
2 6
29 39
45 38
26 16
25 0
19 34
21 25
47 5
43 5
42 34
30 22
39 13
14 30
26 37
48 28
0 6
46 23
23 36
49 12
0 22
47 19
39 30
26 39
43 7
45 14
37 34
8 27
1 28
2 15
9 16
26 30
38 40
48 7
9 43
45 35
23 9
18 12
31 21
8 34
10 14
28 3
39 6
30 47
26 8
49 28
36 41
10 15
36 3
2 36
37 6
15 21
20 32
46 33
23 41
12 11
13 5
41 36
42 42
19 1
37 40
25 42
40 27
35 26
23 18
43 14
31 30
16 38
33 0
43 31
17 3
6 42
3 15
10 2
15 25
33 39
17 34
7 49
49 6
14 24
26 25
35 24
15 18
37 14
31 28
43 0
20 22
7 32
43 19
6 4
16 38
32 5
4 37
23 41
5 35
20 47
38 23
7 47
30 24
18 48
35 3
9 28
43 42
45 17
27 26
31 28
15 7
44 40
3 26
48 30
2 10
25 5
0 2
30 17
47 41
28 20
45 24
7 18
38 12
6 28
36 29
10 18
16 0
27 19
37 32
29 25
16 2
36 39
34 35
45 48
29 48
0 19
42 14
3 8
42 24
39 22
43 3
48 26
1 11
20 48
8 21
10 39
40 45
36 10
33 27
29 25
40 23
33 48
49 16
49 38
34 36
32 15
8 18
31 3
17 34
9 28
41 39
27 4
35 8
42 40
10 47
6 39
48 38
10 17
35 47
31 46
19 10
2 25
14 43
38 28
41 17
33 34
5 47
19 16
47 16
49 10
39 24
15 34
15 26
46 1
16 36
44 48
45 48
1 31
9 24
16 21
35 48
31 6
41 8
43 28
46 39
38 33
23 3
2 34
12 48
41 39
35 41
16 32
6 32
40 26
14 48
11 8
23 27
44 13
43 37
11 1
12 47
35 9
1 17
27 42
48 14
8 1
26 15
15 22
40 6
38 2
10 27
49 46
21 14
19 33
35 9
44 27
9 22
37 34
21 45
0 16
8 34
24 43
20 29
29 15
4 22
11 28
39 20
29 18
29 20
46 32
39 31
17 10
48 4
11 49
4 16
21 24
44 32
48 32
38 40
32 24
24 32
18 40
13 27
30 42
26 20
14 43
16 30
6 34
44 23
33 41
37 41
11 19
4 45
33 4
20 8
10 22
18 32
34 49
6 32
10 28
24 14
45 19
28 36
6 34
13 21
9 44
44 5
46 40
8 9
15 46
36 8
31 38
11 4
16 46
4 46
28 22
49 1
37 35
19 45
47 49
1 19
4 33
36 48
16 39
25 19
3 11
0 42
18 33
9 26
21 25
31 7
10 31
48 7
48 41
32 36
48 31
14 12
30 4
10 20
49 38
35 3
34 13
42 9
31 43
14 4
5 21
37 39
31 0
35 25
42 29
46 39
8 36
32 18
36 38
40 8
21 45
14 10
27 43
0 8
32 27
11 44
21 34
49 15
5 9
33 13
12 28
32 37
36 19
13 4
49 6
45 38
13 21
19 40
17 17
24 0
26 19
36 33
45 48
14 20
23 20
12 46
12 3
39 44
14 16
38 2
19 30
0 9
7 47
24 11
33 4
30 16
25 33
11 11
15 26
28 20
4 10
20 26
47 20
11 47
15 27
44 29
29 32
49 48
37 33
5 37
43 29
32 16
40 42
29 19
47 37
0 45
10 35
36 11
40 36
4 44
33 33
5 25
42 49
41 31
23 47
6 40
8 12
28 34
42 40
38 18
45 30
46 14
3 45
8 31
5 48
9 0
34 15
41 45
15 20
49 13
9 8
24 6
47 19
41 5
22 24
24 28
46 23
21 19
20 15
26 38
35 10
28 30
12 23
24 31
7 33
19 40
44 29
18 47
15 15
42 37
43 29
16 16
30 4
0 20
9 38
34 38
5 10
33 9
9 11
33 39
11 27
42 11
2 16
31 5
27 19
7 38
43 27
10 39
40 32
48 44
11 44
26 3
2 31
44 36
6 8
22 29
8 18
27 21
4 37
47 36
19 9
15 49
8 16
30 21
17 14
47 23
48 49
7 29
35 42
40 10
29 46
11 23
4 3
33 21
23 44
7 18
44 44
34 6
15 32
24 16
19 17
37 12
34 6
14 46
7 5
32 22
44 46
39 31
12 27
39 32
14 34
48 31
43 19
31 24
11 0
10 30
29 15
36 37
35 43
7 9
15 46
23 49
7 11
30 25
25 32
7 41
38 22
20 37
17 38
1 3
5 22
32 35
7 32
23 23
26 15
44 22
27 36
37 22
36 35
32 5
15 17
45 13
31 4
25 25
21 43
33 15
49 28
14 2
36 49
34 2
20 37
41 30
22 48
15 46
22 34
5 43
25 28
42 6
38 22
10 9
3 27
17 1
36 26
23 10
0 10
42 47
47 11
20 31
9 25
6 18
49 46
42 35
7 27
49 25
5 43
3 30
20 21
40 15
30 28
30 43
25 10
27 45
43 15
32 20
20 9
4 4
23 48
46 24
34 8
3 20
2 12
12 42
49 25
13 7
17 46
20 48
30 12
0 35
44 25
25 13
26 44
36 5
10 2
16 12
44 11
41 30
8 33
41 46
23 44
38 18
35 43
4 26
5 4
16 42
34 24
33 23
21 43
11 5
4 46
18 34
7 0
31 7
31 28
32 30
11 21
16 17
32 43
5 11
40 3
19 31
14 0
11 39
25 11
37 29
43 36
45 48
34 6
32 48
18 15
22 35
28 40
32 29
38 40
6 46
44 1
48 47
8 21
47 15
31 4
29 43
40 30
12 21
45 0
7 11
24 9
35 40
29 11
36 39
34 15
44 31
10 7
26 23
42 21
9 23
0 34
36 46
43 2
11 5
43 32
36 21
16 17
35 13
0 25
3 1
30 18
26 2
2 14
40 42
30 4
22 9
40 47
28 38
32 29
22 5
32 4
33 26
13 35
47 2
13 5
44 36
18 1
8 10
18 0
30 42
48 30
40 4
12 17
32 33
9 43
4 36
2 48
27 39
49 27
4 7
48 7
35 8
17 44
28 35
0 23
37 40
43 22
37 3
49 18
17 2
18 40
38 10
20 38
48 25
43 39
20 24
6 37
47 10
31 23
45 6
37 32
40 8
35 16
48 31
2 29
29 10
20 33
47 29
46 24
10 29
3 30
32 12
5 6
3 28
33 38
15 1
10 40
49 45
14 42
27 5
18 1
23 22
39 4
14 45
47 27
1 6
35 29
5 16
30 49
36 29
25 38
41 46
17 1
7 21
20 1
48 9
20 32
48 27
5 29
34 36
31 20
45 15
39 10
12 30
30 39
18 31
40 27
5 13
14 0
37 49
17 23
42 8
35 32
31 6
34 27
22 42
49 23
40 3
2 14
1 15
38 20
34 31
43 37
23 10
16 47
23 43
14 22
17 13
19 23
3 24
44 27
28 23
0 26
38 24
38 21
2 0
5 16
45 27
30 8
25 39
19 45
40 8
15 16
47 44
33 19
38 35
21 43
38 23
42 23
45 6
24 9
39 41
32 26
31 30
40 19
29 1
46 1
33 44
8 25
25 18
10 38
28 33
4 41
21 48
46 30
5 16
17 45
41 11
17 47
25 45
4 29
16 38
36 3
20 6
27 11
13 27
30 39
18 41
25 44
47 19
21 19
14 46
46 31
26 2
23 8
36 39
8 26
3 3
33 10
14 17
48 39
11 32
31 25
27 17
26 37
21 21
28 25
22 24
2 4
18 9
35 13
8 49
38 29
42 10
16 46
18 26
21 7
29 33
30 14
42 32
32 22
33 44
12 26
5 33
29 26
32 18
1 36
8 8
5 48
31 45
48 7
18 46
37 29
22 49
27 20
30 42
34 43
23 5
19 47
19 9
6 39
10 34
10 2
9 45
42 43
24 27
10 28
23 20
14 41
26 20
27 7
31 38
38 33
8 6
46 25
0 33
19 2
18 5
6 8
19 19
17 13
1 16
29 4
6 5
30 2
19 6
41 43
21 42
37 40
26 4
5 20
17 24
36 44
18 1
32 0
17 13
47 9
31 43
38 34
13 13
31 31
16 41
39 4
1 23
33 4
41 47
34 11
32 17
23 17
7 20
18 0
12 48
10 29
38 7
40 2
37 47
23 38
47 13
18 45
14 26
28 12
29 0
36 8
29 34
49 25
36 12
46 1
16 47
1 5
29 6
5 40
33 3
41 28
34 26
39 40
25 48
21 21
2 29
22 0
15 7
4 45
28 23
9 34
4 40
10 4
20 4
20 45
18 18
15 13
18 42
33 38
49 0
0 11
23 4
20 42
27 21
30 5
9 13
45 31
29 14
20 32
5 1
6 38
22 27
41 35
9 19
1 22
20 5
38 26
19 5
33 14
38 27
37 42
8 44
13 49
48 29
38 47
41 7
13 10
16 31
23 13
41 19
8 10
15 20
18 21
20 10
0 42
26 20
23 2
28 33
7 29
13 12
4 24
34 20
20 9
15 2
7 35
27 49
21 1
29 14
27 8
48 23
6 9
39 45
23 29
45 28
47 39
18 17
14 30
12 46
7 41
39 9
22 28
39 47
10 37
0 22
32 17
45 46
8 18
23 48
30 24
21 12
10 37
19 11
29 5
27 39
36 35
37 1
2 33
27 36
30 40
27 29
3 39
47 31
7 37
11 13
20 34
37 19
2 16
1 47
11 5
33 19
17 9
10 27
31 45
14 22
10 18
43 4
39 33
21 33
25 23
49 17
22 13
7 17
0 23
22 32
30 30
37 17
20 4
47 24
19 11
40 24
38 13
34 7
46 47
33 42
37 0
2 35
31 7
7 29
46 12
6 5
44 39
36 46
14 21
44 19
28 6
21 30
45 3
17 39
44 11
19 13
10 27
38 38
15 13
23 49
21 32
6 7
15 3
18 46
17 24
37 9
3 46
10 35
33 31
47 34
31 4
28 26
39 27
2 26
19 29
23 5
44 15
29 39
41 14
19 20
26 0
35 21
16 41
20 32
6 28
48 21
4 38
18 43
39 42
7 16
6 44
2 21
21 36
12 44
24 6
9 18
46 19
9 14
11 35
10 9
41 33
25 36
11 44
33 1
4 10
15 9
10 4
48 14
23 4
30 15
3 32
16 37
44 30
2 37
8 38
21 47
19 46
33 14
41 14
36 40
1 20
45 12
15 45
25 3
47 23
47 9
20 45
19 7
23 26
5 5
23 40
32 39
42 29
46 18
9 22
8 35
25 19
18 43
37 4
28 44
24 49
36 17
13 37
17 35
5 9
8 1
24 9
10 9
10 39
19 9
20 35
8 47
15 13
17 30
2 15
20 27
33 3
16 17
27 36
35 7
37 39
2 20
23 44
34 41
25 12
13 45
35 44
12 30
18 39
4 8
17 15
23 6
45 34
41 38
15 4
49 33
10 9
32 36
43 39
20 14
24 33
4 14
0 11
1 14
2 38
36 48
36 37
40 43
11 36
7 26
41 44
41 45
41 6
22 38
28 16
4 1
22 41
49 19
2 22
20 41
44 20
36 43
19 22
6 17
11 24
21 40
42 23
29 1
39 14
17 24
24 12
34 18
45 34
49 27
25 34
9 31
33 1
34 24
38 3
42 9
28 4
29 20
38 33
34 39
7 44
46 43
0 37
28 33
21 13
19 24
15 17
31 32
24 0
43 18
24 29
44 17
3 11
17 31
27 26
15 29
43 0
5 47
48 43
29 46
48 12
42 44
40 31
47 32
12 12
12 10
19 48
38 20
42 22
47 25
16 39
31 31
36 43
1 39
9 49
33 0
45 22
42 38
11 13
8 25
23 13
7 40
6 18
6 35
40 13
38 42
11 46
38 9
39 4
17 38
49 36
6 25
3 9
35 25
26 40
18 11
6 22
35 34
0 3
41 24
1 29
31 9
40 39
8 33
2 29
3 37
46 1
31 34
38 18
4 44
25 0
13 29
38 45
37 47
22 37
11 40
39 40
47 34
11 49
27 48
23 19
18 35
32 33
4 15
38 12
44 15
42 47
37 45
14 49
9 29
29 12
4 25
16 22
12 25
34 43
25 30
25 30
13 39
34 26
34 47
12 27
36 19
5 10
19 14
13 21
24 1
21 38
33 5
22 21
47 6
21 45
19 8
34 40
10 16
40 42
9 10
26 28
0 32
13 36
20 36
2 11
1 49
19 0
32 22
22 35
23 41
16 3
2 38
35 16
12 5
7 9
23 20
7 47
5 27
4 34
33 14
2 27
48 44
7 2
5 10
4 42
5 11
48 28
49 1
47 1
28 25
35 31
47 3
24 24
30 26
12 3
28 16
7 20
38 20
47 26
48 37
17 33
7 12
15 19
6 49
40 48
24 3
42 35
35 37
21 32
15 24
19 28
22 28
6 27
8 26
21 33
6 19
22 49
45 44
33 16
45 9
15 25
17 32
47 9
5 8
23 42
29 26
33 31
44 47
4 40
3 33
18 18
34 36
2 23
5 14
26 29
14 16
0 26
22 16
22 1
15 6
43 21
21 29
10 6
2 49
11 10
42 30
30 15
45 2
42 15
49 1
25 17
46 36
41 40
38 34
27 48
15 47
30 1
22 36
24 19
26 17
22 47
11 20
29 46
13 27
2 21
32 16
10 34
16 3
12 28
24 2
34 11
28 3
45 46
8 8
8 20
6 39
5 28
44 28
39 37
15 7
25 9
37 23
15 46
3 29
31 15
24 37
23 8
39 10
35 47
4 6
0 41
20 13
42 28
32 9
14 1
28 46
18 40
26 33
16 12
3 10
35 31
26 33
18 31
27 34
9 29
33 13
12 32
49 27
33 31
8 30
47 19
6 36
0 49
36 27
39 13
44 36
46 36
23 39
5 11
28 2
11 29
29 46
3 6
39 33
40 8
29 0
36 23
33 3
34 33
15 2
5 33
6 49
29 17
18 36
25 10
42 6
38 27
27 48
30 19
3 18
46 11
13 8
34 15
32 48
6 39
30 36
37 10
40 6
39 28
10 31
16 4
45 27
13 9
30 28
33 35
41 46
7 12
27 27
2 10
10 25
33 1
40 37
5 28
44 36
7 24
42 44
6 2
29 45
48 38
6 28
35 9
45 12
30 25
48 37
1 10
20 19
47 43
16 42
34 34
42 25
22 8
22 9
28 7
32 27
6 37
28 23
38 36
44 18
18 40
12 9
34 35
33 25
38 15
43 24
5 39
1 0
10 32
48 19
35 15
34 3
17 38
49 19
45 22
24 38
20 9
20 27
27 49
10 11
4 10
15 40
18 47
29 36
36 19
31 47
15 44
14 27
33 17
29 27
8 21
19 49
25 47
19 46
9 8
8 36
9 49
12 35
34 20
40 43
19 33
1 33
25 5
12 9
45 7
49 31
4 35
9 1
21 27
8 48
32 18
29 7
8 11
13 28
48 19
13 12
32 19
14 31
29 22
48 48
20 13
2 26
10 3
37 31
5 27
27 38
48 35
3 42
37 24
49 16
34 41
8 23
24 40
34 4
35 10
11 37
28 27
0 21
24 36
37 30
36 13
37 37
9 33
5 13
39 46
45 21
14 12
21 36
23 36
48 17
0 34
41 42
21 0
12 43
48 34
37 10
23 35
7 10
35 0
27 42
33 20
38 21
10 36
25 49
42 37
23 11
42 9
32 41
47 1
21 16
45 17
6 14
15 43
13 40
13 4
10 5
19 5
6 11
12 9
18 4
48 34
0 36
44 24
35 13
41 26
15 32
8 28
46 9
8 43
36 2
41 39
38 4
4 42
40 21
33 26
16 35
18 10
5 3
39 32
28 41
16 23
33 48
19 9
19 23
3 48
22 5
23 0
19 15
33 41
17 24
27 10
11 36
33 37
13 16
30 48
41 27
16 47
16 49
15 26
16 18
47 31
38 20
3 17
24 5
43 6
37 12
4 29
23 13
23 24
49 36
36 49
35 43
43 11
47 45
25 43
17 6
19 14
43 44
48 38
13 9
5 22
9 40
40 43
7 48
37 29
47 25
19 18
0 25
5 23
46 14
47 44
32 1
26 25
13 8
26 12
8 9
0 38
38 6
44 25
10 15
26 31
30 16
10 5
2 42
49 14
18 33
30 23
4 6
37 26
14 45
17 20
15 32
35 18
12 35
34 31
38 38
43 3
5 18
49 47
48 46
46 15
38 23
14 7
19 2
49 7
47 18
45 16
46 32
38 24
18 14
39 33
9 17
15 13
32 48
4 20
48 16
18 12
8 17
44 40
39 15
22 28
26 20
18 0
28 22
0 25
13 18
26 37
37 38
21 20
2 47
49 14
48 16
25 7
31 21
41 34
10 30
8 36
31 49
0 7
10 0
32 38
47 0
28 49
33 46
46 24
0 14
43 20
14 11
34 3
16 2
40 37
3 26
45 9
11 38
47 41
30 27
29 42
23 3
48 47
45 17
0 49
8 38
14 31
31 41
1 39
19 36
35 34
2 37
32 22
35 8
12 12
6 33
3 23
36 2
44 7
13 36
44 10
13 40
5 5
47 2
43 27
21 48
41 46
49 10
47 30
11 40
27 9
44 44
17 3
8 20
45 39
16 13
49 6
44 23
25 34
48 32
7 46
33 44
32 21
41 35
25 29
2 12
44 5
30 28
33 35
4 8
31 31
32 23
11 14
12 6
17 41
23 13
37 24
25 19
14 18
6 40
29 34
49 7
48 16
19 13
21 38
35 14
48 47
39 16
35 48
47 48
10 26
46 19
46 11
18 16
43 41
38 47
40 27
4 33
1 10
23 21
31 2
5 0
44 25
31 24
24 30
4 39
0 25
11 40
29 41
25 2
31 4
4 48
37 47
10 3
44 22
6 28
14 31
25 25
38 0
25 15
19 3
0 26
32 41
37 44
19 40
33 4
33 6
0 39
47 15
2 18
16 8
45 44
22 1
2 3
2 8
25 0
7 30
7 29
40 33
20 9
7 8
46 49
41 39
42 17
26 17
43 7
9 9
24 9
46 2
18 20
41 21
47 6
41 36
18 15
30 17
0 11
46 31
9 28
31 42
9 5
23 41
36 5
19 13
0 11
38 26
36 6
10 16
32 22
42 1
29 24
1 23
34 18
1 23
13 10
3 7
3 22
21 40
21 31
1 14
19 35
20 44
11 44
16 26
12 27
46 47
45 5
37 30
28 47
14 28
16 22
41 8
30 27
6 15
6 36
1 19
39 5
30 3
20 38
32 19
7 47
40 35
45 6
39 4
38 16
48 49
28 45
30 5
35 36
9 20
14 36
43 20
35 38
41 21
46 22
38 9
24 30
39 23
24 15
32 45
2 24
34 20
2 4
16 14
18 33
2 0
32 30
13 44
14 28
37 34
25 15
47 0
10 12
12 42
45 9
18 6
25 25
28 28
12 47
11 30
49 10
29 27
21 22
39 20
11 26
5 44
17 44
1 13
18 42
36 7
18 11
45 20
18 6
49 10
40 49
9 8
1 21
19 38
18 25
1 42
1 24
22 21
15 36
44 41
6 43
13 26
40 36
14 39
2 43
25 6
0 18
14 11
16 45
25 20
21 17
1 30
31 31
23 29
40 34
17 34
11 11
48 22
3 21
25 39
27 37
32 44
30 23
20 31
6 6
45 33
37 31
26 38
32 0
12 7
37 1
46 30
3 17
2 13
30 27
0 29
23 45
29 19
19 18
32 25
47 37
21 41
38 41
0 25
38 23
46 9
31 22
20 32
13 49
6 10
16 27
31 39
46 17
7 8
31 40
12 24
19 16
9 39
13 46
31 10
39 20
12 8
46 0
42 21
41 39
45 8
45 19
26 0
5 3
8 38
48 16
28 13
19 2
0 14
49 28
6 39
6 29
1 23
0 22
13 45
43 1
9 47
20 19
19 10
17 11
24 25
33 25
36 9
44 7
35 22
34 30
34 42
19 12
30 34
26 42
26 24
42 46
7 39
22 40
31 39
1 19
5 29
29 20
44 5
22 19
48 2
40 1
25 8
41 9
0 26
6 39
9 28
20 48
46 43
24 43
2 14
49 3
12 29
14 32
27 20
31 40
27 29
13 48
18 35
42 26
44 4
18 9
9 28
31 0
35 0
32 29
46 4
43 15
22 42
49 0
21 25
9 38
15 39
39 26
3 5
16 26
46 32
30 19
6 47
3 26
1 36
35 42
19 41
47 34
19 44
41 45
6 1
6 19
44 18
17 20
49 39
46 16
17 24
31 37
32 19
11 8
16 16
38 23
31 13
27 43
1 27
25 36
34 36
21 9
30 19
28 21
48 16
4 24
24 35
48 36
45 44
15 40
1 20
45 31
23 13
24 16
4 29
43 20
39 25
33 48
16 1
13 38
41 38
24 31
43 46
48 29
1 31
3 9
39 7
29 43
49 21
40 2
27 44
11 22
41 12
19 0
34 38
20 22
3 37
40 32
21 25
31 13
21 1
42 3
11 12
3 48
19 18
21 19
35 26
49 45
27 17
15 36
47 1
22 47
6 48
40 17
28 16
2 2
27 42
6 3
32 35
19 49
43 44
18 18
32 24
8 42
39 21
23 9
23 14
42 22
44 25
17 21
46 48
44 26
3 28
39 35
36 5
36 18
31 33
33 39
16 30
34 31
31 35
31 29
41 28
29 19
32 41
46 38
7 46
15 46
37 45
2 19
42 32
49 15
13 6
49 41
34 41
47 47
36 19
20 7
10 14
39 9
31 25
37 24
37 32
26 13
27 10
19 26
8 0
41 33
6 33
48 18
4 30
16 32
41 31
11 4
44 48
22 28
19 10
10 45
13 49
38 30
36 12
42 26
46 36
10 1
34 35
2 0
3 49
26 1
38 48
41 20
38 37
20 39
23 3
25 18
35 24
5 0
44 9
8 4
6 9
40 27
15 35
10 39
24 35
48 10
30 2
48 10
46 41
22 49
21 11
16 17
12 37
30 43
49 13
39 10
18 34
23 5
5 41
10 21
29 31
13 38
45 19
28 0
18 10
0 43
12 39
6 35
35 0
0 33
31 0
23 27
15 39
28 32
38 3
32 16
49 35
31 38
35 16
49 38
36 43
48 37
16 20
29 30
43 26
14 23
2 27
12 21
3 26
39 9
39 33
20 8
21 5
11 29
7 24
40 36
16 15
21 13
18 29
45 1
23 20
32 23
16 41
7 26
25 22
18 35
24 40
20 17
40 30
26 32
49 11
25 0
39 34
28 28
21 42
3 2
39 4
28 24
32 2
11 30
12 48
38 8
37 23
7 37
43 13
36 22
48 49
4 44
17 5
1 7
31 12
45 20
4 13
26 14
18 23
23 23
19 41
18 15
8 30
34 26
7 40
2 42
27 28
16 10
41 47
31 27
38 30
18 33
29 22
15 18
12 44
41 37
23 1
3 25
5 21
40 14
31 35
10 27
3 13
37 6
42 42
3 49
43 1
16 13
19 9
11 0
43 37
14 44
40 16
35 15
2 12
19 6
19 13
19 42
45 35
43 46
3 35
0 33
40 44
33 42
43 34
46 41
28 41
5 6
49 49
7 21
4 10
31 48
18 13
4 28
7 46
22 30
29 44
47 3
17 28
0 1
46 2
49 7
1 34
30 19
3 16
36 42
29 30
40 9
45 30
47 4
26 48
27 4
12 5
22 8
38 30
32 22
36 6
27 18
17 31
1 14
20 40
0 40
37 10
13 13
18 40
18 2
16 22
12 22
23 14
10 5
33 1
10 26
36 48
47 3
26 18
4 14
45 14
34 46
39 47
5 31
32 7
25 23
45 13
13 34
17 13
33 23
10 44
9 5
23 39
3 27
30 7
49 41
20 14
19 31
32 45
27 21
31 44
44 1
15 43
23 23
42 42
6 16
43 21
32 16
49 12
24 43
14 37
7 10
10 27
10 22
26 18
9 2
32 46
13 43
11 20
0 23
11 18
44 15
23 29
36 43
16 49
3 12
2 49
11 1
35 43
11 28
46 19
25 5
43 29
14 49
13 4
17 39
46 16
13 21
34 18
43 26
11 40
40 2
33 43
1 7
15 1
32 13
14 20
35 4
40 11
15 26
6 46
0 46
32 48
46 37
44 6
17 37
44 16
44 11
26 13
31 12
33 36
10 37
25 10
18 47
14 18
0 43
35 1
19 20
7 2
28 3
16 48
25 28
14 20
42 8
13 18
17 33
17 10
1 47
43 7
30 40
9 44
16 3
41 45
46 32
28 48
4 1
45 14
47 5
14 38
13 2
2 40
45 48
34 31
35 5
37 23
17 7
5 7
37 27
33 26
27 9
16 24
24 32
5 45
26 24
16 43
19 38
48 2
36 15
8 36
42 7
42 13
26 30
7 26
23 0
9 29
21 45
31 46
25 6
27 34
28 43
3 11
7 2
39 4
46 34
49 36
46 22
8 8
47 23
28 10
33 23
4 49
5 44
34 27
30 3
33 43
37 20
10 34
19 29
13 46
39 17
49 31
33 8
31 36
38 49
8 14
26 33
36 14
39 16
0 40
39 1
4 16
4 0
48 48
20 37
32 17
2 16
45 8
17 18
17 39
28 5
11 17
26 27
31 30
7 41
10 23
49 6
12 11
29 4
46 39
31 49
20 9
14 41
49 23
11 25
20 14
15 1
28 18
22 6
47 43
5 47
13 40
43 37
10 9
8 14
5 37
20 19
31 39
12 44
46 39
16 40
21 5
45 16
21 22
29 17
21 32
13 6
21 37
31 34
15 48
11 49
16 25
23 40
36 42
28 33
9 9
31 43
42 24
13 42
28 31
44 21
37 48
20 31
37 30
0 9
43 21
16 33
23 44
10 33
45 10
49 17
23 33
41 16
25 14
13 48
0 14
48 15
27 5
14 5
4 21
7 21
20 31
34 19
21 1
11 1
48 25
12 16
42 24
0 28
18 48
19 8
45 26
13 9
23 49
6 14
49 25
4 38
7 27
28 9
29 34
24 5
43 35
27 21
35 18
0 26
20 14
31 17
14 7
5 30
1 35
28 45
29 30
36 45
9 0
34 46
20 35
13 16
12 43
12 6
35 21
5 41
25 42
44 31
1 39
39 16
40 43
0 0
33 15
22 16
34 45
34 42
13 7
26 1
18 42
33 22
25 32
3 26
37 15
4 14
13 28
34 43
48 37
9 24
0 9
20 30
43 32
0 7
18 1
33 9
37 18
42 37
48 12
19 30
28 20
35 34
17 28
3 0
3 22
48 45
16 4
17 39
42 31
22 13
0 37
14 17
35 49
18 22
43 26
14 44
14 39
30 31
9 15
27 21
7 35
36 34
48 49
16 18
30 33
47 24
0 31
12 47
14 19
11 48
39 22
22 30
26 12
33 23
4 2
32 0
46 46
24 23
45 15
20 20
35 23
35 42
13 36
4 18
2 33
44 17
20 12
42 34
13 17
4 42
9 29
7 34
22 39
5 36
27 36
36 4
36 3
8 27
36 25
26 20
33 44
7 26
49 3
12 19
11 9
12 10
43 11
45 10
1 37
0 49
5 12
32 31
40 11
41 45
9 30
13 44
44 26
10 44
17 0
39 45
19 13
21 39
17 23
48 33
8 35
38 38
16 42
38 30
13 1
42 20
43 34
5 16
17 22
42 23
6 12
6 3
32 49
7 23
0 15
22 20
9 13
32 21
7 30
17 14
29 8
10 22
27 26
7 19
14 22
19 49
17 21
32 5
32 45
5 0
41 36
22 4
32 47
42 42
35 5
32 44
41 29
37 20
18 42
16 31
29 24
9 30
20 5
32 36
36 45
41 14
32 30
10 8
28 14
18 25
47 22
28 31
27 40
15 46
37 24
13 39
22 35
28 18
7 29
0 4
44 36
47 46
24 37
44 16
18 0
4 4
40 31
9 26
43 27
41 3
16 25
8 19
28 29
16 4
29 37
4 42
9 37
21 34
36 31
24 16
22 27
6 43
8 15
26 8
17 49
44 9
24 18
48 6
35 25
48 23
39 14
13 15
0 10
48 29
22 40
42 45
47 6
26 2
2 6
22 15
33 30
3 9
20 13
8 23
49 7
9 23
3 37
32 0
34 7
31 26
19 22
28 11
39 11
16 34
39 25
35 12
19 8
9 47
13 17
2 41
28 1
9 19
33 16
2 44
47 15
31 29
13 20
38 4
39 6
33 21
22 25
42 9
21 35
25 20
38 10
3 1
40 22
18 3
25 22
28 44
6 35
16 13
31 13
2 39
23 7
33 16
0 40
32 11
22 39
42 9
19 25
36 36
6 9
36 16
30 21
18 27
33 47
20 49
49 10
28 44
30 16
48 46
1 20
8 22
18 46
26 46
37 3
13 37
8 36
27 8
21 48
43 34
30 9
49 23
43 19
18 16
25 49
11 29
2 20
26 33
27 14
31 5
3 46
1 4
30 7
0 8
2 48
16 10
21 1
20 43
34 40
40 46
16 11
14 18
18 29
7 7
38 2
20 10
40 37
31 29
30 31
41 46
9 13
39 5
48 2
34 13
30 8
6 41
35 32
21 42
32 49
26 1
23 47
29 7
41 34
1 45
20 36
8 18
38 11
8 14
14 11
22 1
17 7
7 12
25 4
45 15
31 35
5 36
21 42
45 20
15 3
40 42
39 49
14 14
4 23
10 41
5 44
43 43
10 18
20 28
14 10
42 26
11 2
48 11
44 10
36 13
15 19
41 22
49 20
27 44
32 46
7 49
45 33
6 25
26 46
31 26
25 22
28 20
21 12
0 1
43 28
34 36
1 3
13 12
48 27
10 8
2 12
23 34
26 43
16 46
41 49
37 37
12 38
40 4
8 31
45 1
11 10
14 29
48 33
24 18
22 7
15 34
34 46
10 41
30 7
22 9
49 10
32 14
11 30
46 25
29 4
25 18
36 26
10 5
27 42
19 25
7 19
46 0
3 0
18 34
30 17
45 22
13 37
33 32
12 32
22 45
13 8
2 49
37 31
44 3
22 17
5 10
49 43
2 20
19 49
17 32
28 19
23 40
37 27
41 42
14 48
5 40
23 23
28 3
17 44
28 7
4 26
40 42
14 5
32 24
17 30
27 41
0 47
16 26
43 30
7 41
32 4
47 22
19 32
37 13
28 25
34 36
1 18
27 24
47 42
49 48
20 7
40 34
20 36
15 32
6 9
30 42
40 24
36 8
46 21
7 0
24 2
1 14
35 41
43 7
40 36
38 16
18 41
40 14
16 31
20 1
10 37
38 29
46 34
48 9
43 43
22 14
10 40
36 41
45 15
0 26
39 39
18 37
12 8
1 40
0 34
16 29
34 26
29 39
10 28
40 43
32 5
3 32
30 37
15 13
18 8
47 4
15 26
8 37
21 48
47 3
41 21
7 28
16 19
44 41
0 38
28 47
7 15
12 38
15 33
30 27
34 4
5 44
24 28
42 5
16 4
47 14
21 27
29 2
17 40
18 46
33 13
16 19
13 30
11 8
3 3
31 43
28 41
46 25
30 5
2 38
14 33
49 34
2 42
37 37
42 27
44 0
15 17
5 8
48 38
25 11
28 18
18 34
3 38
1 46
13 37
23 34
26 18
3 31
14 6
34 25
45 9
27 24
6 36
41 36
7 1
7 41
36 48
24 36
10 40
9 12
47 3
36 48
4 43
4 6
29 43
43 32
47 13
49 22
30 29
21 12
31 32
15 8
2 13
41 41
28 46
4 34
14 1
31 29
23 40
41 23
10 37
33 44
39 40
9 49
27 25
11 34
12 32
34 39
44 34
7 35
24 10
33 4
28 25
3 27
39 14
18 45
15 24
17 37
44 38
7 42
30 44
29 40
13 15
23 13
27 1
33 30
48 36
21 45
0 4
21 4
22 14
4 16
36 46
6 37
7 19
12 0
7 40
49 28
14 28
43 43
14 3
3 3
17 31
13 41
18 47
26 22
6 41
28 1
39 35
4 30
17 12
11 48
6 20
13 38
45 30
13 4
14 12
18 12
22 47
5 19
12 36
12 17
34 17
19 42
8 29
43 12
41 4
18 41
19 16
22 6
3 11
9 41
23 10
38 20
46 6
19 41
42 33
19 39
47 28
46 6
46 32
0 21
27 32
21 40
16 38
10 12
17 0
17 33
2 12
5 19
32 36
9 24
6 47
25 36
20 5
33 45
47 6
32 20
2 4
48 43
30 39
28 28
3 35
2 40
15 13
33 25
19 8
46 37
31 0
3 36
30 34
40 0
45 10
23 23
9 30
47 35
15 6
2 41
19 22
27 43
6 49
34 9
47 32
12 7
35 41
45 39
26 18
8 28
12 18
40 49
5 13
25 40
17 19
36 11
27 39
23 38
5 40
37 25
49 46
11 21
28 49
45 14
25 46
40 20
14 24
42 29
42 10
49 45
0 14
5 1
19 42
25 8
4 17
11 32
22 16
16 34
12 49
26 21
21 18
21 25
28 49
0 9
15 17
4 23
42 42
43 47
23 23
3 41
12 2
32 17
10 39
26 7
41 22
8 31
17 49
40 40
18 8
24 26
36 6
39 24
1 23
4 13
0 43
9 44
11 39
34 4
31 48
30 21
24 45
21 0
6 5
45 34
3 3
12 39
15 40
16 27
28 24
40 8
0 43
14 1
49 27
37 21
28 12
31 3
33 5
7 31
49 25
45 2
0 12
32 4
6 40
11 4
9 25
44 42
16 23
24 15
38 47
35 0
29 13
45 0
17 3
35 8
29 28
19 3
18 49
43 31
20 38
6 39
12 22
0 46
3 1
33 0
36 3
5 33
11 43
35 45
43 42
26 17
12 4
35 15
14 43
45 24
5 21
11 19
49 28
8 3
42 23
33 15
40 41
47 8
29 36
48 21
34 32
11 28
3 39
6 40
32 17
20 3
20 14
20 21
4 24
19 27
14 17
41 31
0 42
42 23
3 28
16 43
2 34
12 12
15 26
39 17
43 39
45 12
15 13
1 26
20 38
33 46
20 23
22 7
4 46
20 46
24 43
19 3
32 6
9 45
15 14
38 34
47 27
44 3
30 38
9 37
3 38
18 48
8 4
13 40
30 43
19 23
2 8
2 0
24 30
20 16
44 29
27 1
18 30
41 9
42 12
6 49
45 5
45 43
23 43
28 23
22 44
0 36
43 47
21 43
33 31
28 29
21 44
43 28
23 5
13 3
1 36
38 3
42 1
22 39
20 48
28 37
36 28
37 47
27 9
38 21
8 26
16 27
6 27
4 0
43 28
0 33
14 0
40 24
46 39
17 36
25 27
42 33
46 9
30 49
4 5
23 4
27 45
47 42
4 27
26 17
38 41
0 34
39 41
27 41
21 41
29 26
24 14
48 18
37 35
47 46
29 45
37 11
49 0
5 27
30 27
35 35
47 32
38 49
14 36
36 10
10 37
28 11
8 7
1 20
49 9
12 49
38 3
9 6
47 10
32 0
16 23
13 3
14 22
18 0
47 45
23 48
25 16
14 42
35 8
40 4
4 28
48 8
14 34
36 14
11 41
18 35
16 36
9 28
42 20
20 16
25 30
47 25
40 14
39 8
34 8
12 22
45 20
14 28
20 5
32 22
33 43
47 12
19 44
11 15
3 22
18 31
22 36
21 30
48 0
34 13
14 7
43 21
4 17
30 49
35 21
10 29
14 45
0 12
13 39
39 33
42 46
43 27
41 30
1 27
0 7
27 32
35 48
29 27
27 2
16 11
16 10
1 4
1 16
42 13
25 18
18 31
48 13
17 42
19 24
16 45
22 47
42 13
28 38
14 29
30 35
48 22
1 14
6 31
40 20
31 42
8 0
1 8
39 7
40 30
17 1
23 12
35 36
42 32
18 21
46 0
15 40
48 14
41 18
49 6
24 33
25 32
26 0
22 34
37 18
35 43
21 47
35 11
11 0
19 7
48 36
6 25
20 38
37 39
27 49
40 48
39 18
38 11
20 6
10 31
9 47
4 47
24 34
22 38
0 28
13 31
21 2
43 48
17 39
5 35
34 23
5 27
20 3
38 32
20 24
30 6
29 11
43 26
28 26
28 26
27 30
27 26
30 3
1 39
5 17
14 8
29 42
36 25
3 12
34 10
4 33
31 45
15 22
11 16
17 30
34 38
44 9
31 45
46 23
15 23
0 46
11 30
32 48
32 17
21 20
8 33
44 36
33 0
7 32
20 13
5 43
22 1
0 22
5 6
25 33
13 29
12 2
20 23
44 23
18 23
11 38
16 37
38 34
37 46
25 18
18 37
14 0
32 22
20 44
28 27
40 5
48 10
31 23
2 39
26 11
26 40
23 32
29 6
41 11
22 27
9 19
38 2
49 28
26 48
7 44
44 32
2 6
39 29
33 16
39 38
3 21
25 40
21 18
25 38
39 19
42 18
45 37
12 40
38 35
47 12
48 5
31 15
1 47
1 6
15 29
29 17
14 44
29 5
36 45
4 17
13 21
32 36
10 2
34 44
0 4
28 0
31 45
11 35
30 28
45 35
45 0
22 16
27 20
7 8
34 13
17 27
30 11
21 18
20 49
34 2
26 47
0 21
41 2
31 46
41 32
23 31
23 33
6 48
23 23
4 5
15 5
48 19
9 26
15 31
35 4
17 15
43 49
9 11
4 5
6 25
19 5
41 25
21 37
30 41
23 23
31 22
27 26
45 38
37 23
41 10
31 45
4 41
43 41
6 17
0 3
45 34
4 2
12 38
45 17
41 10
44 16
13 26
20 40
3 48
14 12
18 36
10 7
30 25
47 27
26 15
41 18
8 21
22 10
30 18
12 7
37 39
49 20
2 20
24 35
6 44
13 18
44 22
29 17
15 15
19 43
25 20
10 6
15 11
14 37
43 48
44 10
8 46
22 46
38 11
37 9
16 0
1 17
44 17
48 33
22 9
31 16
46 40
17 3
44 40
22 25
25 21
35 34
32 7
42 44
42 46
10 7
12 22
31 16
47 40
5 45
42 33
29 45
30 44
13 28
6 23
25 45
19 24
41 25
1 9
27 47
15 35
3 19
34 1
48 26
28 40
30 39
29 7
36 7
4 42
19 14
28 13
41 42
14 5
34 16
14 19
17 14
32 31
44 21
44 35
18 41
11 4
42 34
49 33
12 8
2 21
30 49
13 2
22 28
11 45
31 4
41 20
8 23
30 0
4 0
5 13
16 39
49 15
19 15
29 35
10 22
10 6
7 39
49 1
5 24
2 46
36 47
17 29
0 41
21 49
18 47
1 49
33 35
13 25
20 40
28 13
30 30
20 16
8 39
44 33
14 43
42 49
9 41
42 22
42 11
46 44
36 1
34 25
46 40
19 19
8 7
4 39
12 33
37 40
24 16
26 28
34 31
2 7
0 25
20 43
10 23
34 28
13 1
38 23
20 42
36 3
41 29
43 37
1 27
23 23
17 8
1 2
9 36
48 32
3 5
48 22
21 21
9 45
13 41
32 23
3 30
11 24
11 38
7 45
23 48
6 12
41 17
32 27
24 5
3 4
34 47
4 12
30 20
22 8
38 41
36 43
8 42
16 20
49 24
26 2
45 28
23 12
14 21
35 43
20 39
34 12
19 22
28 16
13 27
0 13
1 17
38 31
48 21
46 44
33 9
8 30
11 13
31 10
3 47
28 1
23 28
37 32
19 37
40 14
43 14
37 49
46 3
11 11
2 14
12 33
45 39
1 46
34 21
47 46
32 22
10 2
26 21
21 12
6 34
32 13
34 33
18 21
21 44
33 36
21 7
28 36
3 4
30 0
31 21
3 11
35 34
46 34
24 30
15 39
16 21
17 27
40 17
44 8
8 28
10 34
40 45
31 40
27 9
11 5
14 31
34 49
6 23
20 18
2 12
13 47
30 16
16 26
26 35
17 19
43 36
1 8
20 26
6 16
46 42
21 39
14 36
47 13
15 21
1 35
27 12
30 29
8 36
49 43
31 5
42 11
0 2
0 40
25 6
7 1
18 49
16 0
30 1
40 5
35 45
34 5
49 32
27 23
6 38
18 18
13 10
46 41
9 12
11 5
16 48
49 2
2 28
22 14
37 32
26 36
2 18
20 29
5 37
12 14
16 14
37 6
28 5
45 24
49 29
35 7
0 3
19 32
49 40
35 9
26 20
6 48
0 42
45 9
9 43
36 6
4 20
8 43
48 4
28 37
18 13
2 11
15 28
17 38
30 24
9 41
33 36
37 12
49 22
3 11
33 32
2 46
42 31
0 7
22 41
16 31
10 45
18 36
4 25
38 43
0 32
32 32
47 46
3 40
31 20
34 19
8 39
21 49
46 20
3 32
45 5
13 21
11 22
43 26
38 0
13 21
35 19
32 16
46 44
30 25
46 8
36 23
43 49
39 42
41 9
11 46
49 9
34 47
22 49
48 10
26 6
15 11
12 3
26 35
4 9
15 30
10 21
40 46
48 32
43 28
43 6
21 29
2 45
32 16
39 21
47 21
9 18
39 49
11 36
37 13
15 0
29 32
46 3
39 28
16 39
8 28
48 47
49 0
0 48
7 8
4 3
8 5
26 11
9 42
6 35
3 2
7 3
7 48
10 31
3 14
40 25
12 3
22 33
30 7
6 3
44 20
21 21
46 2
16 33
21 14
36 20
30 36
47 16
34 3
2 10
34 21
13 42
46 4
27 35
16 11
47 28
2 10
10 45
29 7
29 20
48 26
13 40
5 41
11 20
44 16
25 35
12 7
2 9
37 24
32 21
29 14
33 31
36 45
30 47
34 45
18 35
27 43
48 20
21 46
30 40
8 45
18 15
29 15
4 40
21 18
5 15
5 32
30 3
43 40
29 1
9 0
14 40
39 14
24 18
8 15
13 11
25 49
41 39
16 29
27 17
29 11
46 20
24 20
29 27
13 2
34 5
24 32
26 20
29 47
3 2
17 27
29 7
9 2
45 23
9 33
8 12
16 39
21 31
5 34
12 31
8 20
27 31
49 19
29 14
39 46
45 20
39 24
27 46
27 31
22 19
4 47
2 47
14 47
42 12
33 43
31 2
27 1
2 26
6 16
3 10
49 48
31 11
39 47
27 9
48 0
13 3
2 26
6 18
22 11
26 3
38 34
47 45
7 16
11 16
2 5
9 1
0 22
13 3
39 8
16 7
18 14
24 13
41 12
5 42
17 24
31 0
22 17
28 8
23 24
35 19
36 21
6 39
29 8
33 0
37 49
45 44
2 35
16 37
34 22
7 30
6 8
47 6
31 19
5 41
4 18
1 16
30 36
15 19
19 32
39 38
47 14
24 16
23 8
0 29
15 20
47 31
49 18
16 30
9 35
4 37
10 1
21 31
11 45
11 0
21 11
33 23
36 33
8 5
47 39
2 43
16 39
30 39
25 7
20 18
37 5
8 39
19 24
33 4
30 4
28 0
47 14
41 45
30 12
43 1
13 1
36 30
49 29
41 42
14 6
40 8
15 9
18 35
30 7
5 35
44 27
33 47
24 34
23 43
27 27
42 42
30 37
39 9
48 2
49 14
19 22
32 24
36 40
36 36
27 29
33 34
9 16
15 46
21 13
12 7
12 36
25 7
49 30
31 13
38 22
24 14
23 10
22 7
30 29
39 16
46 2
32 11
9 21
31 36
46 8
40 45
35 37
6 41
4 35
29 31
10 21
49 25
10 1
26 34
23 22
41 43
27 45
2 49
46 14
44 25
2 47
35 38
8 42
14 29
40 23
17 8
20 13
49 38
30 4
34 39
10 39
32 43
41 14
15 4
33 7
44 36
22 43
16 16
34 3
25 5
4 23
47 20
40 46
1 39
1 28
16 27
27 44
20 18
23 20
27 38
36 36
22 45
16 10
13 31
37 9
38 7
16 46
1 2
36 38
30 40
15 18
47 4
8 38
31 30
28 7
21 37
27 19
23 47
43 35
6 29
45 14
45 7
11 13
44 22
10 15
30 11
10 5
13 34
43 29
18 22
24 21
27 2
27 6
48 17
34 7
21 42
39 15
11 22
13 26
19 46
47 21
10 46
42 28
6 28
40 20
45 1
32 27
12 36
4 35
0 47
7 5
44 20
19 42
31 1
13 28
42 49
31 32
26 3
5 26
30 48
18 3
11 28
39 33
45 43
40 39
13 20
33 22
13 13
1 38
9 29
12 9
7 8
43 3
38 1
27 39
39 41
10 1
1 3
17 5
49 28
26 44
34 20
25 27
2 26
13 33
14 42
31 20
18 19
43 48
42 8
45 30
22 1
0 2
36 6
1 27
21 11
28 39
33 27
45 43
35 30
4 39
45 18
7 17
13 14
49 26
48 43
13 31
45 44
26 38
39 46
40 23
21 38
46 42
12 38
36 13
23 38
6 22
47 27
12 29
29 16
1 49
13 41
45 0
12 33
2 15
12 6
48 18
2 10
31 42
17 46
3 44
9 29
23 32
13 29
25 36
8 9
15 42
21 6
20 42
1 49
14 31
16 46
18 44
10 5
47 33
18 16
41 39
2 26
40 37
39 36
28 20
20 9
40 29
39 29
47 49
18 6
39 36
28 12
13 9
49 22
46 26
42 30
4 41
40 25
47 13
38 33
6 38
15 39
31 24
44 23
36 25
13 32
19 12
33 37
44 0
45 10
37 12
9 4
6 22
0 5
10 46
32 8
48 20
19 28
34 47
32 38
10 41
39 38
48 9
0 8
35 42
9 37
14 35
36 35
37 46
10 32
12 40
5 20
48 2
5 30
1 38
26 44
48 4
46 46
23 21
9 31
28 2
7 19
25 17
6 30
2 20
36 46
35 39
3 2
5 45
23 13
44 11
22 36
1 43
22 47
14 12
33 3
21 2
14 6
17 22
14 48
21 0
4 36
33 41
30 14
20 2
43 49
33 40
6 16
6 15
1 47
30 32
39 21
45 5
47 31
47 48
5 25
48 21
44 6
25 40
33 35
46 43
21 11
37 33
21 41
11 31
21 14
13 39
48 21
30 38
17 46
38 35
11 39
10 2
40 27
25 14
6 29
35 8
9 48
39 18
34 40
36 30
27 31
11 44
47 49
2 28
15 45
1 5
31 15
20 35
31 21
21 26
18 36
30 0
46 10
19 29
13 17
24 12
25 39
2 41
22 2
18 7
17 10
31 41
34 1
45 12
21 0
7 20
8 14
26 3
14 8
46 18
47 9
16 28
19 42
14 29
2 47
3 9
10 41
5 16
28 42
10 2
2 12
40 3
13 3
45 9
37 0
33 35
41 32
5 8
7 48
0 40
42 22
42 15
18 24
14 32
6 27
45 11
29 15
37 3
10 19
0 5
13 16
21 10
40 37
18 35
1 26
37 5
7 26
45 0
23 18
16 4
42 32
30 5
5 48
43 11
35 34
30 13
2 35
10 6
23 43
45 5
18 4
49 8
16 11
23 25
34 35
47 39
13 32
32 30
14 22
4 3
21 42
47 8
32 11
14 33
49 44
26 33
48 14
2 8
45 34
15 35
21 47
3 43
31 21
29 0
29 24
49 13
15 49
24 30
10 25
37 42
8 28
30 3
19 1
16 36
3 0
37 39
31 15
14 47
12 44
43 28
10 38
33 11
15 0
2 28
4 9
0 48
15 40
21 14
5 10
7 40
40 33
46 12
19 28
39 3
27 22
34 18
19 11
30 32
28 3
13 30
34 19
43 9
25 39
47 0
44 1
34 40
4 20
1 24
30 36
32 35
6 13
35 2
35 6
2 43
2 49
42 23
36 12
48 42
35 45
2 20
27 40
35 12
17 27
1 31
25 39
3 27
20 11
31 9
46 2
5 23
32 45
44 42
14 13
46 8
8 9
39 13
4 48
29 24
7 14
28 14
4 3
37 27
29 21
17 40
10 6
23 39
36 41
16 14
1 12
41 19
38 46
39 22
17 15
26 21
49 10
3 3
46 3
2 43
39 22
31 14
13 35
1 11
8 33
6 36
25 21
47 1
22 40
39 32
40 33
30 44
13 22
2 19
41 0
35 47
33 16
36 1
7 12
34 45
45 16
26 25
46 23
25 26
33 33
7 30
3 10
48 17
40 19
38 4
11 4
44 31
19 14
41 6
32 16
28 11
33 29
20 28
10 10
13 10
16 24
34 25
32 22
26 47
3 9
2 1
10 3
9 1
26 48
28 44
4 48
3 46
29 36
25 36
1 12
43 15
2 44
25 0
42 3
6 3
49 18
14 26
46 48
30 1
4 27
46 16
10 16
17 41
45 48
37 26
31 28
48 31
18 7
44 12
37 15
2 15
34 27
46 4
22 45
39 5
2 24
30 38
16 23
46 22
12 39
18 42
11 3
8 3
13 26
18 25
29 26
46 34
43 11
40 42
20 44
5 37
41 43
42 46
14 25
17 46
31 12
9 7
25 33
41 42
19 1
46 48
28 40
19 30
38 26
2 3
42 4
43 35
23 27
11 17
6 48
6 49
12 18
47 29
25 32
27 40
46 45
20 5
14 23
26 32
45 13
6 30
0 40
31 3
3 0
14 42
9 15
2 5
30 29
15 39
30 33
27 0
40 1
33 13
0 29
25 36
36 31
2 18
46 0
19 42
22 40
7 4
7 1
1 42
16 36
10 19
1 36
39 20
36 23
18 22
0 35
46 19
26 27
42 34
23 28
7 4
9 40
37 16
16 24
1 24
45 35
48 46
14 49
49 19
38 30
18 31
34 3
9 35
23 28
18 35
3 1
3 22
3 45
17 2
6 24
16 20
30 26
23 10
16 22
14 5
17 30
35 30
32 31
42 46
5 1
18 36
26 8
14 23
33 44
16 44
25 42
32 12
11 28
20 35
23 29
44 1
4 31
8 37
30 10
36 28
43 21
19 35
0 1
48 5
28 15
28 35
34 14
38 31
33 2
9 2
1 34
13 13
42 46
32 11
10 18
3 11
34 27
30 10
35 24
20 9
30 44
38 22
12 26
3 20
36 49
26 46
43 25
30 33
44 48
41 3
43 35
33 21
4 47
13 2
7 42
4 46
36 36
33 24
33 35
21 43
36 15
47 10
27 0
21 29
1 25
34 38
15 43
37 14
21 13
31 11
27 37
44 30
37 4
13 33
40 2
14 15
49 30
25 13
20 47
24 35
41 30
31 47
48 26
43 6
43 48
18 23
21 27
13 49
3 43
21 46
7 37
36 30
25 41
21 14
11 22
22 3
11 26
1 43
39 30
48 44
27 22
33 8
47 43
29 1
11 43
7 23
5 8
43 2
13 13
26 18
43 7
3 45
28 33
33 31
49 16
36 34
40 12
1 25
18 12
22 28
45 44
30 30
30 2
22 7
45 19
0 2
25 41
17 49
24 12
22 29
40 14
37 5
30 11
11 44
37 34
46 49
13 45
19 2
49 25
23 41
48 17
40 45
41 48
35 41
12 13
9 43
7 28
35 25
21 31
13 43
6 41
8 47
46 41
5 1
25 31
11 35
11 11
21 33
34 16
21 1
34 2
22 44
48 41
14 42
44 41
40 1
28 27
34 12
27 4
25 43
35 43
0 23
13 22
3 2
46 16
25 45
28 45
23 17
41 25
15 15
7 9
45 25
7 21
4 25
32 34
35 1
20 12
46 18
23 19
31 21
29 9
44 10
49 42
21 23
43 36
15 32
48 49
26 30
3 44
23 49
1 8
40 2
46 14
32 15
17 30
42 0
11 9
26 20
36 45
26 42
20 35
38 35
25 36
2 49
41 26
5 32
40 5
25 47
32 37
32 8
42 7
2 12
33 30
29 8
37 37
22 47
33 25
28 30
35 37
2 31
13 33
10 47
49 21
36 3
24 44
20 21
15 9
20 3
43 32
1 2
44 5
33 9
47 28
35 46
36 39
26 37
34 0
22 34
48 11
15 38
34 45
42 0
40 5
41 45
12 6
6 29
21 48
2 45
12 24
47 48
23 0
47 32
1 16
2 9
28 28
19 24
36 27
47 44
46 37
47 25
3 13
3 21
47 0
28 45
18 18
21 32
29 24
44 41
14 27
9 5
28 30
30 36
12 12
27 26
5 6
43 11
11 3
47 12
47 39
6 26
10 43
35 22
21 9
49 28
9 29
14 40
6 43
26 6
9 4
18 26
14 17
28 13
15 38
32 12
7 47
16 34
32 17
36 10
19 43
29 46
1 28
39 47
5 34
15 36
13 20
1 32
5 40
18 26
39 7
44 34
5 11
27 28
30 48
28 8
16 10
11 29
20 5
48 8
6 40
42 19
12 23
30 35
30 45
6 15
36 38
27 1
26 32
6 25
36 1
5 9
14 25
2 24
40 39
11 35
27 15
16 47
28 23
37 32
17 47
7 23
22 39
3 45
18 21
25 10
18 40
34 32
19 16
30 37
33 30
49 6
12 28
4 49
7 30
39 15
39 9
46 35
39 4
39 2
3 46
31 26
44 1
39 41
42 8
30 11
47 36
3 1
6 26
36 11
10 35
12 19
24 27
10 5
21 49
36 27
44 29
23 17
23 37
20 15
18 8
21 17
0 8
22 34
33 3
45 31
15 46
2 25
29 20
37 37
17 46
20 23
21 36
23 42
17 37
23 9
35 48
11 38
23 46
48 12
5 35
0 24
26 30
32 39
23 37
11 0
3 3
25 42
43 9
14 15
6 29
18 27
10 32
41 46
10 38
13 45
32 11
35 10
41 35
20 0
25 36
7 16
29 29
5 35
42 18
35 47
4 41
0 14
42 31
28 37
37 32
17 22
11 42
23 27
20 1
10 30
31 17
26 49
47 13
0 25
43 18
20 23
9 1
10 18
20 32
22 8
46 2
38 35
20 10
35 14
19 13
2 7
40 35
49 24
39 20
30 6
11 5
4 31
0 8
27 25
35 0
22 42
1 4
15 40
46 1
6 46
23 32
9 25
31 15
15 31
30 49
32 21
34 20
28 22
41 37
40 21
12 21
19 18
13 26
11 36
6 18
24 23
0 28
41 43
33 45
20 19
34 35
43 0
27 42
2 16
8 44
30 14
41 39
23 13
22 6
43 39
9 28
37 19
40 35
44 7
1 30
2 23
49 32
17 24
22 41
27 13
33 31
28 20
33 39
31 47
6 32
21 16
13 2
25 23
31 6
45 10
29 2
32 28
31 9
36 31
27 8
14 22
22 3
43 1
25 38
34 26
23 48
19 4
21 30
49 1
1 49
4 42
28 18
5 12
4 22
4 8
34 14
18 2
38 29
15 31
48 48
12 9
17 34
9 47
15 34
3 1
21 2
39 49
20 1
22 1
28 39
46 31
27 25
21 44
15 49
38 20
5 47
2 22
12 45
11 25
35 43
1 22
9 48
31 12
21 13
38 18
31 7
18 38
1 9
24 33
20 39
45 30
12 13
21 32
27 9
13 42
14 28
20 26
37 14
28 21
42 28
35 12
38 12
2 39
30 43
46 14
4 19
34 35
48 2
20 9
18 8
35 8
11 48
15 16
15 16
8 13
46 47
18 34
5 39
39 22
41 9
23 44
20 14
38 27
20 34
17 48
39 9
4 31
4 7
7 16
49 20
12 24
7 43
2 37
10 18
1 43
45 12
18 44
3 15
1 24
19 26
22 37
44 1
18 3
46 17
28 1
48 31
16 28
14 6
37 27
12 11
12 6
13 5
39 31
21 38
39 8
18 37
11 3
47 30
31 40
38 17
43 41
48 15
34 13
18 29
4 24
34 15
38 35
20 2
45 8
9 41
0 30
1 13
15 40
25 16
18 32
27 16
49 35
20 16
8 38
40 24
42 49
28 25
4 36
28 4
42 28
1 27
28 38
21 34
12 16
34 35
17 32
2 24
8 22
21 13
23 23
7 4
33 1
49 21
49 40
38 49
46 21
49 13
12 17
9 14
44 28
8 6
2 49
36 15
45 23
16 49
27 19
6 12
34 17
45 27
28 45
27 44
29 42
4 39
41 24
0 49
40 13
33 42
28 7
5 38
27 5
39 20
4 19
29 44
14 21
7 38
11 38
18 44
4 31
24 33
45 47
5 43
1 48
41 33
5 37
26 32
25 43
31 30
9 39
1 18
29 2
39 12
43 25
18 33
30 7
38 13
48 45
19 45
44 18
39 31
5 31
42 11
1 36
14 8
20 48
33 21
6 42
24 28
31 19
41 5
16 42
39 14
46 5
12 31
12 7
11 27
35 42
4 6
43 33
45 28
32 21
0 0
26 19
29 30
37 48
20 35
22 3
2 39
3 49
5 18
1 1
43 6
49 0
47 14
38 7
3 9
27 18
31 0
47 46
6 18
49 33
26 46
30 15
18 32
28 5
25 27
32 3
23 0
35 6
33 11
2 42
14 17
37 17
32 47
40 5
11 19
0 17
40 34
17 27
25 27
3 45
11 14
2 10
23 31
26 0
31 13
37 13
43 24
30 10
30 3
18 4
27 32
7 18
31 26
21 17
6 28
11 45
42 0
43 35
6 45
38 16
36 21
43 36
39 45
0 49
42 27
7 36
34 33
45 44
37 49
38 39
9 8
6 23
4 44
31 28
4 9
37 48
25 36
12 12
38 25
8 47
45 28
28 8
41 46
45 23
5 31
44 15
22 32
24 31
44 32
27 48
23 14
41 10
21 32
30 29
26 2
41 1
18 48
26 17
24 48
2 45
18 14
47 11
41 14
10 38
7 14
11 35
27 38
39 10
22 0
1 18
6 6
27 21
41 41
46 12
9 27
17 16
7 7
35 24
28 41
13 9
12 45
47 18
48 47
37 8
13 17
41 15
25 12
10 46
39 5
2 35
28 20
12 36
29 29
32 39
22 23
8 38
10 30
31 43
22 32
43 42
12 25
44 31
1 8
30 43
27 22
9 0
16 13
23 29
40 18
48 43
45 22
30 14
28 15
40 27
43 26
18 44
11 14
0 22
19 21
15 4
36 38
6 18
8 16
41 49
29 11
15 27
39 1
38 37
42 46
5 35
10 46
14 18
34 27
45 9
27 27
34 48
25 26
33 43
12 44
16 41
45 1
31 30
16 8
7 30
9 22
23 20
29 21
23 15
39 3
33 19
38 22
1 39
44 48
47 13
26 41
5 12
7 12
16 24
38 20
12 7
0 46
14 15
10 8
34 49
49 0
12 15
42 33
47 5
34 9
49 37
44 48
42 44
12 46
26 0
46 29
22 9
45 42
7 9
24 27
29 41
16 24
24 40
26 12
42 13
44 32
7 33
44 0
13 32
25 6
40 24
48 37
38 22
1 15
13 35
49 38
40 37
19 2
33 13
49 4
34 15
29 9
28 0
31 1
15 12
41 33
25 27
24 38
9 8
8 24
35 48
37 36
10 42
5 35
2 27
27 38
41 38
4 13
29 37
43 49
8 48
18 29
7 35
48 24
22 49
34 43
27 9
4 48
1 10
32 44
12 8
14 8
7 36
44 7
0 25
22 48
2 31
25 34
3 33
0 8
24 33
48 48
19 16
42 41
11 18
41 45
15 23
19 42
5 7
33 7
40 16
0 25
37 47
7 41
13 2
13 31
29 38
35 32
43 22
31 28
32 19
34 6
6 48
40 12
24 9
8 21
8 48
47 29
11 49
2 21
48 3
29 38
49 2
47 44
49 19
43 36
33 7
13 46
1 36
38 23
24 32
0 36
5 2
30 36
27 47
21 36
45 1
41 39
47 3
24 16
36 14
41 33
10 34
12 10
41 42
6 0
49 1
36 47
39 37
41 28
4 31
9 49
3 37
28 25
41 17
28 7
7 49
9 5
31 32
17 35
23 12
37 7
3 46
13 12
35 18
34 3
12 21
43 33
12 38
43 42
22 40
40 40
22 17
47 39
45 19
13 49
26 1
22 4
26 20
47 29
16 30
29 24
9 23
46 34
39 15
36 46
38 43
43 47
8 48
41 28
22 37
2 2
29 27
25 39
35 5
7 19
4 23
24 26
49 11
1 15
33 17
36 34
7 26
7 14
15 15
13 6
27 8
37 39
34 12
41 37
18 25
42 25
46 45
22 9
6 6
13 12
14 12
1 3
45 12
48 36
30 10
10 13
4 19
13 45
11 29
2 21
0 25
15 34
31 23
37 15
19 38
38 33
43 17
4 15
18 9
11 16
10 4
38 4
21 45
37 32
5 9
34 11
47 9
31 4
45 2
29 23
24 6
3 2
21 28
18 26
17 30
16 26
26 16
3 21
48 26
6 20
29 1
29 31
7 16
17 29
37 3
40 12
3 24
35 39
15 28
31 45
1 41
18 13
13 27
13 12
49 45
2 30
42 36
27 40
19 45
39 30
46 46
20 44
39 44
7 22
27 47
34 4
14 41
2 20
45 44
2 16
37 15
12 33
47 45
41 45
33 32
32 14
46 14
25 11
30 43
4 0
29 8
22 26
22 41
30 45
0 6
43 2
4 4
5 23
42 29
11 26
33 40
13 41
16 4
22 1
46 19
38 40
40 27
17 3
17 27
11 20
11 48
26 18
33 31
32 27
48 1
35 19
25 26
7 18
3 17
23 47
14 11
28 1
20 43
9 45
5 45
48 22
11 12
24 28
42 36
32 42
16 6
45 7
28 12
3 2
33 29
8 28
49 20
9 13
21 44
30 23
49 43
46 18
7 44
12 37
45 39
27 30
30 15
5 40
22 38
25 6
17 5
39 44
24 4
34 2
33 33
16 17
45 3
28 30
44 9
41 39
47 10
0 11
48 23
40 48
23 4
38 11
18 35
10 11
39 42
30 8
37 3
30 0
20 27
9 25
0 47
17 48
14 27
30 28
45 38
12 36
36 26
15 38
4 28
34 30
9 39
13 4
32 23
20 1
32 3
29 1
30 12
19 19
28 4
4 22
39 43
49 17
43 47
35 36
8 15
35 18
17 27
8 19
41 0
20 28
25 32
11 32
39 43
27 35
7 9
23 43
28 4
45 45
34 14
45 0
37 23
39 7
35 6
14 38
42 7
2 33
22 37
4 4
39 46
48 46
16 30
15 20
38 22
6 14
19 1
5 36
36 41
6 17
2 6
30 19
44 25
15 38
12 42
7 13
47 6
41 10
37 7
13 22
3 17
9 11
9 7
2 2
35 23
6 48
31 23
37 48
28 1
33 2
44 6
1 25
32 28
6 4
44 2
4 3
13 40
8 6
49 35
33 16
5 24
9 33
17 2
32 43
34 30
23 47
5 42
28 20
16 35
46 27
26 31
41 39
2 4
17 21
33 15
9 27
27 20
48 27
14 0
5 4
9 6
40 15
4 8
47 46
2 12
10 13
5 40
17 29
4 16
28 41
31 0
3 44
33 28
43 40
30 5
47 15
10 20
33 10
46 9
37 45
3 0
28 16
35 33
27 12
29 17
1 21
41 46
33 2
18 37
26 12
45 16
27 25
15 10
27 0
6 19
21 48
43 38
22 18
15 17
13 36
33 24
8 9
27 31
8 15
41 6
0 42
16 4
13 12
31 41
24 1
43 42
44 5
7 3
17 34
29 14
8 37
2 22
28 37
31 46
17 25
30 17
0 2
36 9
3 3
23 37
17 38
29 10
9 1
14 2
8 37
39 25
23 32
9 20
11 22
40 41
11 44
36 43
4 42
20 36
48 17
30 49
34 31
44 40
32 27
46 4
47 21
18 44
17 20
18 17
37 17
11 21
35 16
34 29
45 49
38 27
8 0
2 11
43 2
40 36
0 11
40 30
31 36
42 16
15 38
31 44
37 5
2 8
12 9
24 16
41 48
39 34
20 3
31 15
34 6
49 15
46 49
49 45
44 22
39 9
23 36
41 0
28 17
17 6
24 10
31 19
30 33
10 35
17 9
3 32
10 2
29 5
21 30
45 28
35 48
29 29
20 2
11 11
44 2
12 35
38 25
14 7
33 14
25 9
49 6
37 26
19 26
12 29
46 35
13 17
22 17
37 48
5 49
5 18
28 22
46 5
27 31
2 2
10 42
40 2
21 12
43 19
23 8
47 27
9 20
32 29
14 19
26 7
25 18
2 43
38 45
9 15
46 1
5 42
4 31
25 27
17 46
31 24
20 4
36 32
27 8
28 0
14 31
15 19
11 30
27 45
2 17
45 43
4 27
6 41
24 26
34 42
30 29
22 10
16 15
29 46
17 40
38 7
10 5
38 8
30 9
49 44
34 28
41 18
29 38
18 31
17 24
16 2
24 17
27 11
18 10
41 43
34 26
41 0
18 25
44 24
4 5
31 25
47 16
21 20
36 2
17 45
20 13
19 1
3 44
19 28
7 45
47 39
11 44
42 18
19 46
14 38
8 31
35 37
3 3
1 23
42 26
5 28
15 35
30 6
34 41
9 25
21 0
36 43
12 1
20 26
13 30
28 43
3 10
49 5
26 20
1 2
28 31
45 43
17 24
3 33
31 27
45 9
5 38
10 11
0 36
43 27
12 36
30 35
36 28
22 32
16 33
24 45
43 46
9 1
40 43
42 46
18 22
49 19
2 39
18 36
6 47
41 40
34 26
49 35
45 1
44 19
31 24
22 37
22 16
33 45
14 20
0 21
48 39
14 38
32 19
45 6
19 41
43 20
5 16
16 36
41 2
5 34
16 8
1 29
31 13
45 7
41 15
39 32
2 29
15 16
18 6
9 26
24 20
20 22
9 41
3 40
8 42
11 43
3 34
10 29
31 33
25 48
28 44
19 28
26 26
13 10
13 20
21 6
18 41
1 23
26 26
32 40
0 7
33 28
38 24
3 2
21 42
40 49
23 49
30 43
41 30
27 6
13 41
34 42
14 3
35 36
5 7
21 18
39 30
12 39
11 10
1 29
38 7
34 21
21 38
15 24
26 6
3 36
22 35
45 44
28 18
38 22
40 22
8 30
0 34
43 21
2 32
16 4
5 12
33 20
33 8
28 12
2 49
38 27
4 30
40 46
6 3
26 14
47 36
37 17
21 19
8 11
7 13
42 25
34 28
20 28
18 19
47 29
12 27
19 21
41 44
29 28
28 10
24 13
47 3
46 27
31 31
6 46
10 30
37 2
4 18
42 34
25 47
1 13
11 13
6 44
22 13
41 30
11 21
40 14
39 48
12 37
6 19
20 6
20 11
35 21
8 18
39 48
4 7
10 20
18 42
34 11
37 3
48 48
29 39
48 3
39 1
39 35
13 20
30 32
17 38
41 3
49 46
42 48
26 45
16 38
3 0
4 43
12 7
10 48
39 33
16 21
2 26
2 35
9 36
24 40
39 10
20 41
12 5
6 18
23 39
22 23
47 29
46 41
43 5
33 7
22 40
31 21
16 32
49 17
12 36
33 35
45 26
0 37
7 18
5 16
29 28
20 41
45 6
25 46
11 45
7 0
27 18
48 22
21 12
48 45
33 3
47 43
33 28
32 42
3 21
14 33
0 15
16 26
17 46
12 48
14 22
14 5
33 3
32 8
16 16
41 14
43 15
24 31
46 6
19 3
49 29
0 37
31 24
19 0
21 13
3 28
19 5
46 21
21 18
39 40
15 46
6 18
21 46
41 0
12 10
26 36
12 6
10 4
10 35
11 25
22 32
3 0
29 8
20 6
47 38
26 48
14 49
2 48
12 19
49 17
17 35
41 28
39 15
11 31
49 47
14 33
18 36
3 47
35 29
35 45
36 4
6 35
3 33
40 18
10 35
48 15
15 16
44 29
46 25
11 42
26 33
36 17
12 25
27 38
20 13
16 36
35 42
35 28
26 0
40 20
48 42
43 35
3 31
45 23
28 30
14 22
37 47
18 37
45 11
16 0
34 44
30 34
20 44
44 16
49 49
2 40
12 26
46 36
49 20
17 23
32 47
39 43
15 25
14 32
27 5
49 27
4 6
19 29
14 34
36 2
22 7
18 31
12 8
14 49
38 10
41 29
21 20
17 24
18 10
18 20
37 24
24 24
4 34
3 47
27 5
9 2
2 0
2 25
38 47
44 43
10 21
16 26
48 41
9 33
12 18
19 32
2 20
40 16
38 17
6 4
42 49
14 22
13 46
1 5
10 12
4 41
17 15
32 4
2 37
10 9
41 27
11 28
5 19
10 16
4 47
10 2
13 46
10 21
21 40
33 44
11 49
49 44
32 10
24 27
34 27
8 41
41 42
30 28
25 6
31 25
19 34
15 25
40 48
42 31
45 10
3 48
25 24
0 10
17 28
29 31
10 40
36 18
34 24
45 0
11 4
15 26
31 47
37 25
30 30
20 4
41 8
47 11
7 20
44 40
46 22
5 38
13 48
39 19
10 35
14 12
20 5
22 28
20 26
17 10
35 32
20 3
4 41
5 27
4 30
41 2
37 41
6 28
2 23
13 47
16 9
23 8
44 36
10 42
48 30
1 26
46 13
36 36
11 18
10 28
47 29
22 43
44 4
12 34
15 48
32 33
8 37
9 36
24 40
20 7
13 5
3 23
47 43
13 34
30 47
30 8
14 45
26 25
1 24
25 4
9 2
27 42
2 25
28 0
23 43
32 4
30 15
14 38
24 23
13 43
49 34
5 17
12 46
37 27
24 15
28 27
23 10
14 9
25 11
24 20
0 16
26 16
27 27
21 1
48 36
28 1
1 4
39 31
11 25
8 5
20 31
25 15
6 8
29 5
34 18
6 8
39 43
37 26
11 35
3 3
5 14
15 17
46 19
6 6
9 9
26 9
15 9
41 34
29 20
48 3
35 7
8 12
39 24
38 13
5 40
44 8
42 4
31 7
37 42
33 47
12 16
31 36
19 37
14 11
5 7
13 15
43 20
0 20
46 43
46 31
12 39
15 43
19 36
3 17
3 37
17 19
21 34
20 23
11 7
22 20
49 30
20 24
24 13
17 24
46 8
22 41
29 42
35 10
35 46
33 46
35 34
18 24
44 40
44 49
28 22
38 16
49 19
31 4
25 43
11 13
15 21
40 37
6 21
0 22
41 5
24 31
6 42
16 5
29 3
1 41
16 15
18 40
8 34
8 18
0 42
8 9
20 3
39 42
0 18
29 48
39 44
37 7
8 40
29 24
45 19
16 38
30 38
42 0
25 6
35 10
22 31
26 41
15 13
18 30
27 48
39 40
22 46
26 43
30 40
11 36
1 41
32 9
44 7
6 8
27 22
44 27
16 46
31 16
9 20
37 10
45 16
35 26
33 17
12 5
0 38
29 13
23 24
20 16
28 10
27 28
41 16
37 31
18 33
34 8
28 12
26 27
5 4
19 22
33 43
6 26
6 5
19 18
41 28
44 47
7 30
11 22
31 23
5 46
30 3
10 12
22 11
4 28
22 6
33 16
29 20
1 26
44 39
9 29
49 37
23 1
15 30
28 10
8 2
14 43
1 29
33 21
2 29
37 7
8 3
12 28
8 6
21 32
42 21
44 24
40 16
38 14
21 6
37 46
19 27
8 3
13 35
39 49
4 35
33 2
44 49
8 26
49 23
25 33
7 33
2 11
37 22
7 5
26 36
36 34
47 40
46 31
35 29
28 38
17 30
2 16
44 0
41 32
16 0
49 11
7 23
30 8
10 7
43 20
27 15
5 18
43 22
11 44
41 26
2 8
23 37
8 14
18 5
21 28
40 39
18 29
12 38
14 33
49 10
21 44
27 32
20 25
35 22
45 41
39 24
6 1
33 8
5 18
25 31
36 49
36 25
19 21
38 3
18 34
9 36
7 33
36 23
14 8
46 22
1 33
15 19
47 49
26 49
37 42
35 46
14 40
12 27
44 31
24 20
11 33
14 49
24 0
29 32
12 13
47 43
20 26
40 8
12 0
42 40
44 21
8 4
11 37
47 29
17 32
46 47
15 6
45 35
11 8
2 35
5 39
27 38
5 20
41 48
15 25
42 41
16 30
46 32
10 49
23 40
26 23
37 19
28 43
11 11
30 12
27 19
7 16
35 27
29 24
30 5
48 49
3 6
11 4
21 10
4 0
28 18
23 49
46 46
34 19
34 48
2 12
46 47
44 34
49 32
10 16
11 31
7 8
24 38
31 35
17 49
40 0
2 1
26 47
28 38
31 6
1 10
10 6
26 3
22 34
20 40
20 37
34 17
25 5
48 1
40 24
34 38
35 19
25 31
43 48
42 12
38 15
23 49
20 46
21 31
2 8
25 10
6 25
21 6
27 34
18 12
6 21
29 16
21 48
10 38
0 33
38 43
44 42
35 0
15 10
48 10
23 5
17 30
7 25
1 27
38 24
4 42
23 11
12 14
10 25
27 32
37 29
25 25
4 18
24 48
10 23
48 14
36 37
13 3
10 3
20 3
26 43
25 13
26 34
19 33
10 33
27 30
8 15
43 36
46 19
23 4
11 16
40 17
9 18
48 29
32 18
46 19
39 16
26 46
23 5
3 37
3 10
11 11
5 12
38 13
34 9
13 32
27 28
1 26
26 26
11 29
9 15
3 17
23 7
16 40
8 23
42 30
47 44
42 5
32 33
44 30
18 4
6 42
15 20
13 8
7 5
34 6
30 27
9 5
41 16
42 15
16 23
29 48
46 23
33 48
2 28
48 33
5 25
37 41
20 29
27 9
26 1
36 6
40 19
37 41
23 45
46 43
2 26
1 34
43 26
26 30
29 28
36 33
12 15
9 42
13 49
21 47
44 26
46 4
5 32
29 25
13 16
3 39
43 17
34 37
32 3
4 47
3 37
44 9
2 32
38 38
14 43
15 49
0 11
0 40
17 43
29 23
6 17
10 24
35 33
18 38
49 13
34 21
11 18
16 9
31 38
29 27
21 34
10 43
10 32
9 8
15 25
31 47
12 6
8 8
9 29
14 40
23 0
9 9
32 43
16 9
39 33
44 5
15 29
14 0
22 34
0 9
35 43
31 20
31 25
26 11
38 46
44 46
11 16
8 14
23 19
19 38
12 5
15 11
23 12
42 5
46 23
34 16
33 20
12 40
1 42
41 40
16 12
34 17
34 37
3 4
4 33
38 0
21 15
3 44
18 36
49 38
4 5
30 23
23 17
20 31
47 33
3 36
16 49
24 28
20 32
1 47
9 36
11 48
40 40
39 18
13 25
11 47
47 45
47 31
5 18
15 48
7 8
1 9
41 12
24 26
20 11
10 23
38 27
31 35
37 36
9 49
44 18
14 22
17 13
44 37
17 28
39 22
15 30
28 36
46 15
6 14
43 49
8 4
48 29
40 0
7 14
38 40
5 42
43 42
24 20
49 47
37 41
38 43
14 1
23 20
41 16
38 34
23 15
35 2
17 31
3 14
6 4
9 26
17 2
48 17
37 33
33 40
41 44
2 45
2 28
37 43
26 37
31 49
43 35
19 34
12 10
14 46
42 1
23 33
47 31
37 15
20 12
13 26
21 27
24 26
40 31
38 31
10 15
13 47
44 25
49 24
25 15
6 23
27 29
3 42
16 31
14 26
48 1
26 37
17 39
10 27
24 23
31 31
2 12
46 10
39 27
19 47
15 39
24 44
6 29
40 10
7 18
33 24
3 34
23 9
47 35
10 39
18 18
13 24
47 12
5 15
16 45
20 16
29 1
33 16
16 31
30 17
2 3
0 45
11 37
40 10
47 0
20 12
14 34
23 12
26 6
43 14
49 23
9 35
3 13
42 29
33 49
0 49
24 26
42 24
8 46
48 12
22 16
30 10
38 23
40 6
1 21
32 28
41 17
18 7
4 6
9 48
27 15
32 7
24 45
21 13
46 33
2 38
15 15
1 44
45 4
32 17
27 0
43 32
24 13
48 29
25 4
25 9
12 9
18 20
2 1
25 28
12 34
49 19
40 2
41 31
6 28
38 39
11 6
22 46
46 43
38 11
33 46
18 22
10 3
24 20
25 38
44 46
21 45
24 21
46 2
20 12
23 29
7 24
35 40
38 20
19 48
41 33
46 48
34 22
5 7
26 18
42 43
10 37
41 21
39 46
19 39
10 32
6 27
36 23
22 35
31 26
47 21
14 14
49 27
5 44
14 49
42 7
33 37
12 19
3 21
45 28
22 9
23 14
23 7
32 47
27 2
30 45
3 30
2 31
49 11
19 40
42 29
25 5
13 49
40 30
12 41
5 11
12 43
49 28
42 40
45 0
6 12
32 12
20 42
14 34
20 12
43 2
11 17
16 24
25 35
2 8
43 14
48 43
22 36
3 37
18 6
42 47
24 23
37 49
2 24
20 33
17 29
3 7
19 41
25 31
11 13
6 25
40 12
45 29
21 37
41 17
23 32
1 23
42 2
45 8
1 40
47 21
11 26
1 43
28 43
8 39
8 26
26 8
31 19
10 0
13 6
41 38
2 41
42 4
20 33
33 9
29 15
48 5
14 23
49 21
22 38
34 42
3 3
44 41
36 36
20 48
24 16
44 18
29 37
27 16
23 29
0 31
26 31
22 47
49 19
37 23
2 44
9 18
6 19
43 8
6 31
0 41
11 45
13 44
10 13
4 40
42 16
22 7
15 38
45 46
39 49
20 49
1 14
8 32
0 31
17 29
42 3
11 26
5 44
42 21
16 19
6 25
8 37
46 5
5 32
24 37
6 35
44 10
31 26
40 11
4 33
10 19
5 0
12 28
5 49
4 19
44 6
11 27
17 18
34 27
